181
407
080
80b
050
306
051
f1a
0f0
60a
070
4fd
020
220
190
a08
0b0
3ff
fd0
401
151
008
070
805
fdf
c03
021
615
0d0
a03
070
202
060
61d
190
90f
030
401
040
505
121
204
0d0
603
000
402
fe1
10f
040
b05
010
205
060
021
09f
903
070
606
ff0
2ff
2a1
2fe
0a0
c0c
0b0
305
032
013
051
013
100
804
090
517
0e0
10b
110
d05
000
804
131
109
100
f0b
07f
e04
051
813
0c0
f08
060
805
070
81e
1d1
20e
0a0
709
0d0
a08
231
d19
110
f0b
0a0
809
081
f19
191
40b
0e0
907
0c0
61b
160
f0e
0a1
008
060
a04
181
60a
0e0
d0d
0c0
808
051
416
0c1
411
0c1
20d
0b0
717
100
513
170
3fd
fff
b01
000
000
000
000
000
000
000
000
000
000
000
000
000
000
000
000
000
000
000
000
000
000
000
000
000
000
000
000
000
000
000
000
000
000
000
000
000
000
000
000
000
000
000
000
000
000
000
000
000
000
000
000
000
000
000
000
000
000
000
000
